0A0000000005031300

8a 01 00 00 00 02 01 00   00 00 00 00 00 0a 00 00
02 21 09 05 05 00 be c1   02 ff 06 14 1e 05 0a 14
01 00 01 01 01 01 01 01   01 01 00 00 00 00 03 00
00 00 0a 07 ff 00 00 0a   07 ff 00 00 0a 05 00 02
01 00 00 01 00 00 00 05   08 00 01 00 31 04 52 43
31 31 37 30 2d 54 4d 2c   32 2e 30 30 2c 31 2e 33
35 ff ff 00 00 00 00 ff   05 00 00 00 00 01 00 00
00 00 01 00 00 0a 3c 00   00 03 00 00 00 00 00 00
00 00 00 00 00 00 00 00   00 00


8a0100000002010000000000000a0000022109050500bec102ff06141e050a140100010101010101010100000000030000000a07ff00000a07ff00000a05000201000001000000050800010031045243313137302d544d2c322e30302c312e3335ffff00000000ff050000000001000000000100000a3c00000300000000000000000000000000000000
